5
3 4
7 10
12 15
14 8
17 5
18
1 0 2 2 3 3 1 1 2 5 6 7 2 3 4 5 6 7
1 0 2 2 3 3 1 1 2 5 6 7 2 3 4 5 6 7
0 0 1 1 4 4 2 2 2 5 6 7 2 3 4 5 6 7
0 0 1 1 4 4 2 2 2 5 6 7 2 3 4 5 6 7
0 0 1 1 3 3 2 2 2 5 6 7 2 3 4 5 6 7
0 0 1 1 1 1 3 3 2 5 6 7 2 3 4 5 6 7
2 4 2 14 1 1 3 3 2 5 6 7 2 3 4 5 6 7
2 4 2 1 1 1 3 3 2 5 6 7 2 3 4 5 6 7
0 0 1 1 2 2 5 5 3 3 4 5 2 3 4 5 6 7
0 0 1 1 2 4 5 5 3 3 4 5 2 3 4 5 6 7
0 0 2 1 2 4 5 5 3 3 4 5 2 3 4 5 6 7
0 0 2 1 2 4 5 5 3 3 4 5 2 3 4 5 6 7
0 0 1 1 2 2 3 3 3 3 4 5 2 3 4 5 6 7
0 0 1 1 2 2 3 4 3 3 4 5 2 3 4 5 6 7
0 0 1 17 2 2 3 4 3 3 4 5 2 3 4 5 6 7
0 0 1 5 2 2 3 3 3 33 4 5 2 3 4 5 6 7
0 0 1 1 4 4 3 3 3 3 4 5 2 3 4 5 6 7
0 0 1 1 4 4 3 3 3 3 4 5 2 3 4 5 6 7
0 0 1 1 4 44 3 3 3 3 4 5 2 3 4 5 6 7
0 0 1 1 4 4 3 3 3 3 4 5 2 3 4 5 6 7
0 0 1 1 4 4 3 3 3 3 4 5 2 3 4 5 6 7
0 0 1 1 4 4 3 3 3 3 4 5 2 3 4 5 6 7
0 0 1 1 4 4 3 3 3 3 4 5 2 31 4 5 6 7
2 0 1 1 4 4 3 3 3 3 4 5 2 3 4 5 6 7
6 0 1 1 4 4 3 3 3 3 4 5 2 3 4 5 6 7
0 0 1 1 4 4 3 3 36 3 4 5 2 3 4 5 6 7
0 0 1 1 4 4 3 3 3 3 4 5 2 3 4 5 6 7
0 0 1 1 4 4 3 3 3 3 4 5 2 3 4 5 6 7
0 0 1 1 1 1 3 3 2 5 6 7 2 3 4 5 6 7
5 0 1 1 1 1 3 3 2 5 6 7 2 3 4 5 6 7
0 0 1 1 1 1 3 3 2 5 6 7 2 3 4 5 6 7
0 0 1 1 1 1 3 3 2 5 6 7 2 3 4 5 6 7
9 0 1 1 1 1 3 3 2 5 6 7 2 3 4 5 6 7
7 0 1 1 1 1 3 3 2 5 6 7 2 3 4 5 6 7
0 0 1 1 1 1 3 3 2 5 6 7 2 3 4 5 6 7
0 0 1 1 1 1 3 3 2 5 6 7 2 3 4 5 6 7
6